1949       -       -       -       -       -       -       -       -       -       -       -       -
1950       -       -       -     9.0     7.0     9.9     9.2     8.5    11.8    11.3    10.1     6.0
1951     6.2     8.2     9.4    15.0     8.1    11.6     9.4    12.8     7.7     9.1     4.7     6.4
1952     7.6     7.1     6.9     6.3     8.8     6.8     8.9    13.5    14.0    11.1    10.1     8.5
1953     5.6     8.3     7.4     5.7     4.1     8.8     7.9    12.1     6.0     8.4     6.2     6.8
1954     5.4     5.7     6.8     9.8     9.3     8.1     5.1     4.8     8.8    13.4     7.5     3.0
1955     5.2     6.8     5.7     7.3     4.4     8.8    10.3     9.4     7.0    15.2     6.5     2.2
1956     2.3     5.5     8.0     6.8     8.9    13.1     8.7    11.2     9.1    11.2     9.0     3.7
1957     4.9    10.5    12.7    12.4    11.3     7.9    10.1     5.4     9.6     6.7     8.6     3.8
1958     6.0     5.9     5.0     4.7     4.9     3.7     3.0     6.2    10.4    11.2    11.2     6.7
1959     5.3     5.1     8.0     3.9     6.0     6.8     4.3     6.3     8.8     9.9     9.0     5.8
1960     7.4     7.5    10.3     6.2     7.1     4.0     9.6     9.9    13.8     8.5     7.8     5.0
1961     4.6     6.6     8.0     6.0     8.4     9.1     8.3     7.8     8.4    12.8     7.3     6.3
1962     5.4     8.3     5.2    11.2     5.9    10.6     9.0     6.2    13.2    11.5     8.4     5.9
1963     5.1     5.7     8.3     6.7    12.2     7.0    10.9     6.9    10.1     7.1     9.1     5.4
1964     3.9     5.9     7.3     6.3     8.7     8.7     7.9     6.4    10.2    13.4     7.9     6.1
1965     4.0     3.7     8.7     6.0     7.1     9.4     6.5     4.7    10.1     8.9     8.9     4.9
1966     5.7     3.7     5.5     8.4     5.4     7.3     5.4     7.5     7.2     7.9     5.1     4.7
1967     3.2     4.2     9.2     6.4     5.6     7.5     8.3     7.4     9.2     7.6     7.8     3.6
1968     3.8     4.4     5.6     9.2     6.8    10.9     8.7     9.2    10.8    10.4     6.5     3.9
1969     2.8     4.7     7.3     5.8     6.3     7.0     3.5     7.9    11.4     7.2     8.9     6.0
1970     4.8     4.5     5.4     5.4     6.5     7.1     6.4     4.2    11.9     7.8     9.5     3.3
1971     4.0     4.9     6.2     5.5     4.8     8.3     9.2     7.0     7.5     9.2     6.2     1.7
1972     3.4     5.3     6.7    11.2     7.4     5.6     9.9     8.2     9.2     5.6     6.7     8.0
1973     3.8     6.7     9.8    12.2     8.7     7.5     6.6     9.4     8.8     9.0     5.7     3.6
1974     3.6     8.8     8.7     6.2     7.2     5.4    11.4     5.4    10.4    10.3     4.6     4.0
1975     3.7     4.0     8.1     8.5     6.6     5.1     6.2     8.7     8.2    12.1     6.8     4.8
1976     2.8     5.6     8.0    10.6    12.8     4.6    10.6    11.1    12.8    13.3    13.3     8.8
1977     6.0    10.0     6.6    10.6    11.2     8.2     4.8    11.7    12.2     9.4     8.8     6.9
1978     5.4     8.4     7.2     7.5     8.8    12.7     4.7    10.9     9.2    10.5     6.5     6.5
1979     6.5     6.9     6.7    12.2     5.5     8.6     7.9    12.3    10.5    10.0     5.9     4.6
1980     3.8     3.7     6.5     6.7     5.1     8.0     5.7     5.7     7.4     9.9     6.7     7.2
1981     5.6     7.7     7.5     9.7     6.3     8.7     7.8     9.0     5.7     7.3    10.9     7.7
1982     6.4     6.3     8.8    11.5     9.2     7.8     8.1     9.1     9.9     7.7     7.0     5.5
1983     5.8     6.7     6.5     5.1     6.7     9.6    11.4    12.4     7.6    10.3     8.0     5.8
1984     3.8     6.7     7.8     7.9    10.5     7.9    10.5    10.6    14.4     6.7     6.7     6.5
1985     7.8     5.9     6.9    11.5     6.7     8.7    13.9     9.9    14.2    11.3     5.6     7.7
1986     6.8     5.0     9.0     7.4     9.6    12.2     8.1    10.6    10.8     9.6     7.7     7.6
1987     6.5     6.4     9.8     9.5     6.2     6.9     5.6     6.7     9.9     9.4    11.7     9.2
1988     3.4     8.7     7.7     8.6     8.4     7.9     8.2     6.3    10.2     6.7     4.8     5.6
1989     6.5    10.2    10.5     5.1    14.7    10.7    13.8     8.4    10.7    12.9     5.7     5.2
1990     4.5    10.0    10.5     7.5     6.7    10.8    10.3    12.7     9.2     8.9     9.5     6.1
1991    11.4     6.7     8.6     7.1     8.1    11.2    10.7    14.6     9.7     9.3    12.3     6.4
1992     7.2     7.1     7.6     7.7     5.0     6.5     7.4     9.7    11.4     8.5    10.5     8.8
1993     6.0     6.8     9.3    10.2    10.9     8.1     9.5    10.9    10.0     9.4    11.6     5.7
1994     6.3     7.7     7.8     8.5     7.1     8.7     8.4    13.7    10.8     8.1     9.2     8.1
1995     9.3     9.4     8.0     9.4     8.8     7.6     8.0     7.7    10.7    11.4     8.6     8.0
1996     6.5     7.9     7.9     6.5    11.1     8.7    10.9     9.0    13.1    10.4     7.6     5.8
1997     6.2     5.8     6.8     4.6     5.2     2.7     4.2    11.3     9.0     9.8     6.3     5.1
1998     5.1     7.3     6.7    13.1     7.9     9.3     9.3     9.1    10.6    10.4     9.1     5.8
1999     8.9     8.4    10.0    11.8    10.8    10.2    11.7    10.9     9.9    11.2    10.1     8.3
2000     8.3     9.4     9.5    10.8     8.3    10.6     8.7     9.1    10.0     7.6     6.7     6.5
2001     6.0     7.1    11.2     9.8    10.8     9.4     9.8    14.8    13.5    15.9    12.7    10.9
2002     7.9     8.8     6.4    10.9     8.0     9.9    10.3    11.2     6.7    11.3     5.6     6.7
2003     4.8     8.7     8.5    10.0    11.5     7.6    12.5    14.5    12.3    10.2     7.8     5.3
2004     8.0     9.5    10.4     6.7    12.1     8.1    10.5    13.1     9.9    11.5    10.8     6.5
2005     5.5     9.9     9.3     8.8     6.0     9.9    10.4    11.2    10.1    14.8    10.6    11.0
2006    10.9    12.1    14.1    12.9    15.5    10.8    12.2     8.0    13.9    13.0     9.2    10.7
2007    10.2    10.3    12.5    13.0    12.8     6.1     7.5    10.6     9.2     5.7     4.5     7.1
2008     6.7     7.5     7.5     9.4    12.5    11.1    10.9    11.5    10.6     8.7     8.6     8.3
2009     8.0     7.2    12.6    16.5    14.9    10.6     8.2     7.8    13.3    10.8     7.9     8.9
2010     6.8     7.0    10.6    10.8    10.6       -       -       -    12.0    15.6    14.5     9.8
2011     6.3     6.2     6.8     0.1     1.5    11.2     8.0     6.6    11.6    12.3    10.9     9.3
2012     6.3     8.6     9.7     9.0    10.2    13.1    10.8    14.4     9.5     9.4     9.5     6.4
2013     7.4    10.8    10.6    14.9     9.6    12.7    10.5    10.7    12.6    10.7    11.3     6.6
2014     7.5     9.6     7.0     8.2     9.3     8.2     9.7     5.1     6.9     8.2     5.1     3.3
2015     5.1     7.5     8.6     9.5       -       -       -       -       -       -       -       -
