1957     7.9    10.1    14.3    13.3    16.8    17.7    18.1     9.0    15.9     9.7    15.3    11.3
1958     9.5    10.2    14.3    11.7     9.7    16.9    11.8    14.3    17.0    16.4    10.2     6.8
1959    14.1     8.2     9.0    13.7    19.5     6.8    15.5    11.6    13.6    15.1    14.6    15.9
1960    10.9     8.2    11.8    14.5     8.2     9.4    15.5    18.4    12.8    14.2    15.2     9.0
1961     8.5    10.2    13.4    11.8    17.8    10.2     8.4     9.1     8.7    21.2    10.1    11.9
1962     7.8    10.6    11.4    12.5     8.5    11.4    12.8    10.0    13.5    11.4     9.1     9.0
1963     8.1     7.5    15.3    11.6    11.0    10.9    13.9    18.2    12.2     8.5    12.2     9.2
1964    11.3     9.8    11.7     8.9     9.2    19.2     9.0     9.3     9.6    11.7     8.4    10.0
1965     9.9    14.6    13.3    11.9    10.3    14.0    12.9    11.2    14.1    15.1    14.4    10.6
1966    11.4    11.7    18.7    19.7    11.4    16.5    18.0    13.5    16.0    12.7    10.4    11.7
1967    10.7    14.7    12.3    14.6    10.1    10.0    13.6    12.1    13.1    14.7    13.9    10.9
1968    11.8    13.6    15.1     9.6    14.9    18.8    11.8    14.8    18.1    13.9    10.8    11.5
1969     8.7    10.9    14.4    18.5    14.1    18.1     9.0    13.5    19.7    21.2    13.3    10.8
1970     8.0    11.9     9.5    15.6    12.0     8.6    12.4    11.6    22.1    15.2    12.3    10.6
1971    10.6     9.0    12.5    16.4    13.0    10.3    12.7    16.6    12.9    15.5    13.3    10.5
1972     9.8    11.1    14.5    14.0    12.2    12.5    11.9    13.2    12.5    12.2    12.7    11.2
1973    13.0    12.5    13.9    16.2    12.3    10.2    15.9    10.9    15.0    16.0    16.8    11.3
1974    10.7    12.5    16.6    12.8    13.5    10.3    13.1    20.4    14.5    12.2    12.0     9.9
1975    11.3    12.0    17.8    12.9    18.2    15.7    16.9    14.5    13.4    22.4    15.4    11.9
1976    12.6    13.9    12.6    14.1    19.2    17.6    19.0    23.8    18.0    22.6    13.8    11.3
1977    11.6    14.8    16.6    16.1    23.2    17.6    10.4    14.5    17.9    20.5    13.0     9.3
1978    10.7    11.9    14.7    22.5    14.6    17.6    13.8    19.5    17.8    19.2    16.1    12.2
1979    11.6    15.4    14.0    23.3    14.0    13.7    11.0    19.6    14.5    13.4    10.3     8.7
1980    10.3    13.0    17.0    14.9    13.4    17.3    10.8    18.1    13.5    11.7    15.7     9.6
1981    11.6    11.4    12.8    15.7    10.7    14.1    11.4    12.8    14.7    12.6    15.6    11.3
1982    13.3    15.1    10.4    17.6    14.2    11.9    19.7    13.6    18.9    19.6    12.8    11.0
1983     9.4    15.4    16.3     8.3    13.5    12.1    13.9    21.9    13.8    16.8    13.8    14.2
1984    13.7    10.9    12.4    13.0    14.9    11.7    15.9    19.9    11.4    10.5    12.0     8.6
1985     8.4     9.0    11.5    10.3    14.1    13.8    18.8    16.3    15.0    11.8     8.5    12.9
1986    13.2    13.0    14.9    13.1     9.3    10.7    18.9    16.4    12.4    11.5    11.2    10.2
1987    11.3     8.9    12.5    13.9    10.6    13.0    17.1    12.9    16.5     9.5    16.1    11.0
1988     7.8    11.2    13.3    12.2    16.3     9.6    11.2    12.7    10.0    12.1    11.7    11.1
1989     8.7    11.3    13.8    14.2    17.5    15.5    15.8    10.7    15.4    13.2    10.9     8.4
1990    10.2     8.8     9.9    13.8     8.5    19.0     9.3    17.1    10.2    17.3    22.1    11.5
1991    10.5    11.3     9.3    11.3    14.1    16.5    12.2    15.8    15.6    12.7    15.2     8.1
1992    11.5    11.5    12.9    11.6    10.5    13.8    14.0    10.5    14.1    13.5    13.9    11.1
1993     8.0     7.9    12.7    12.4    14.1    11.5     9.7    11.2     9.1    16.7    16.1    11.6
1994    10.4     9.4     8.7     8.8    10.6    14.1     9.3    14.8    15.8    11.1     9.8     9.7
1995     7.8    11.3    15.3    11.7    11.6    18.2    11.5    13.2    12.5    13.3    13.2    12.9
1996    10.5    16.2    13.5     6.8    14.9    10.2    14.3    16.6     8.7    15.8    18.5    13.2
1997    10.5     8.7    13.1     9.3    10.2    10.4    10.3    12.1    13.6    10.8    13.7     8.8
1998    10.5    10.6     9.4    12.4    11.0     9.1    13.2    13.2    13.7    12.4    13.0    12.6
1999    13.7    11.3     8.8    15.0    11.6    12.5    14.1    14.8    13.9    15.1    10.2    13.0
2000    10.3     9.4    12.1    13.0     7.7    11.3    10.7     7.6    16.9     7.2    11.3     8.7
2001     8.1    10.2     8.7     8.9    11.2    13.0     9.7    19.6    15.9    15.4    17.5    14.7
2002    10.7    13.0    12.9     8.2    13.5    11.5    11.9    16.8     9.4    16.1    12.6     9.8
2003     9.8    18.2    10.1    12.3    15.8     7.9     8.6    13.3    14.8    15.6     9.9     8.7
2004     9.2     8.6    13.1     8.6    16.1    11.2    10.0    15.0    19.7    15.6    10.5     8.4
2005    12.4    13.3    11.8    14.7     9.6    11.1    13.9    17.2    10.4    13.5    11.9    11.9
2006    10.8     9.1    15.5    13.8    14.9    14.0    17.1    11.1    15.1    14.1    14.5     9.8
2007    12.2    11.7    12.5     9.0    12.0    11.2    15.4    13.0    16.3    15.0    12.4    11.3
2008     8.7    10.3     8.4    10.4    13.1     8.8    12.1    13.6     8.0     9.5    10.3    12.1
2009     7.7     7.2     8.2    13.1     5.7     8.4    10.2     7.2    10.0    14.8    12.3     7.7
2010     8.5     7.0    10.8    11.1    11.3    10.4     9.1     8.1    11.2    12.9    11.5    10.2
2011     6.8     9.6     9.3     9.7     8.9     8.2     6.4     6.5    11.3     9.2    12.9     7.3
2012     8.0    14.0    13.8     8.3    10.9    22.4     9.9    12.1    13.4    17.8    11.4    10.1
2013     8.9    10.1     9.0    15.9    11.4    24.4    14.9    15.3    16.7    14.8    14.4    10.4
2014     9.5    10.5    12.4    12.3    11.4    13.9    17.0       -     9.9    14.2    13.9     9.7
2015    10.5    13.1    11.0    15.4    14.9    12.9       -       -       -       -       -       -
