1981       -       -       -    21.2    25.4    19.0    26.8    24.3    21.0    18.4    23.6    19.0
1982    17.8    14.6    15.3    23.5    16.1    13.8    23.3    19.9    23.6    21.7    23.7    12.4
1983     8.3    17.4    20.9    20.7    21.2    16.7    11.3    19.1    15.2    20.2    20.5    10.6
1984    16.7     7.8    17.2    22.4    22.4    14.7    17.9    14.8    17.0    14.8    21.3    10.7
1985     9.9     9.4    20.5    18.6    19.0    18.1    18.1    12.5    20.0    16.4    13.0    15.6
1986    12.5    15.8    14.7    22.4    15.8    15.4    18.6    23.8    21.0    19.5    20.2    14.6
1987       -    11.0    18.6    20.6    14.8    15.1    24.2    18.8    22.4    14.8    18.1    13.4
1988    14.9    16.1    21.5    19.3    19.2    27.9    18.2    21.3    15.0    16.6    16.9    16.4
1989    15.7    19.8    20.1    25.5    19.3    20.4    15.9    12.8    15.0    15.9    19.2     9.8
1990    10.5    11.8    18.3    24.0    17.0    18.6    19.2    18.8    20.9    24.7    21.3    13.0
1991    11.9    16.5    15.2    16.8    18.7    24.7    19.5    23.8    15.2    18.8    20.9    12.8
1992    14.3    16.0    22.0    14.6    18.8    17.7    18.1    15.6    17.4    18.4    15.6    11.5
1993    11.7    10.6    11.5    17.9    19.8    21.7    21.3    19.1    18.3    19.4    18.2    13.5
1994    12.3    18.8    20.0    22.1    20.3    18.0    16.4    20.1    21.9    17.8    16.2    13.7
1995    12.3    20.2    20.9    17.2    18.8    23.8    16.0    25.5    15.7    17.7    24.2    18.4
1996    14.3    15.7    20.9    15.6    21.7    13.9    20.2    21.6    20.3    19.8    22.8    16.2
1997    11.8    14.1    21.6    18.5    21.1    18.3    19.9    20.2    21.3    15.7    26.9    12.7
1998    14.7    17.7    15.2    22.6    19.9    23.3    20.3    23.1    18.1    16.0    16.0    18.6
1999    17.1    20.2    18.7    17.5    15.9    17.2    23.5    25.0    22.0    17.9    16.5    16.9
2000    14.4    14.9    16.2    18.5    22.5    16.1    13.8    20.3    19.1    15.5    17.8    11.2
2001    11.8    16.0    18.6    18.0    12.6    24.5    22.5    24.4    20.4    23.9    18.7    14.0
2002    13.1    17.9    15.6    14.7    19.3    25.8    15.6    16.1    13.7    18.4    13.7    11.7
2003     9.7    13.1    16.2    18.3    19.8    17.8    19.3    23.1    14.6    19.6    15.1    15.2
2004    12.8    13.9    12.7    14.5    23.5    14.0    15.5    19.2    18.3    17.0    14.5    10.4
2005    15.6    15.5    17.5    24.7    15.9    19.2    13.0    17.7    14.8     8.0     7.7     9.2
2006    13.4    15.5    17.5    15.4    16.3    15.7    21.4    25.6    22.6    16.5    19.4    10.5
2007    13.2    13.6    21.8    15.0    16.7    16.2    15.0    18.3    15.7    18.9    21.5    11.9
2008    11.2    14.6    24.6    18.7    15.5    19.7    18.1    19.3    12.0    18.8    17.0    14.5
2009    13.7    12.7    10.7    19.7    24.2    18.6    20.7    14.0    15.6    22.5    17.0    14.0
2010    12.3    13.3    20.8    21.6    17.6    14.6    14.5    16.9    17.9    19.2    10.9    20.3
2011    11.8    17.8    14.8    21.0    18.7    10.9    15.8    14.8    19.0    22.6    17.1    15.3
2012    13.3    20.6    16.7    13.5    17.8    23.8    10.7    20.7    24.7    23.6    18.4    13.4
2013    10.6    14.2    13.9    18.6    16.4    17.3    19.5    19.3    19.5    15.2    17.3    17.5
2014     8.9    11.5    17.4    15.7    19.0    18.3    17.5    24.9    17.3    23.5    22.0    12.1
2015    15.9    15.7    17.1    17.7    17.1    17.3       -       -       -       -       -       -
